0.165845
0.209625
0.237684
0.287561
0.419358
0.441142
0.497838
0.582258
0.654696
0.70297
0.745938
0.791495
0.84301
0.866271
0.906832
1.032265
1.093637
1.148621
1.173385
1.223496
1.245084
1.314168
1.347566
1.415546
1.451978
1.470934
1.500718
1.552583
1.61668
1.641237
1.664211
1.68949
1.708296
1.763704
1.82003
1.868914
1.959702
1.983038
2.028341
2.096954
2.181915
2.223501
2.24227
2.304439
2.360075
2.37273
2.461832
2.434937
2.467806
2.496419
2.523554
2.558913
2.584259
2.612713
2.689744
2.705567
2.795616
2.817747
2.838995
2.889278
2.908754
2.926271
3.118781
3.562627
3.59831
3.660675
3.655792
3.772629
3.721808
3.786473
3.824412
3.85609
3.898962
3.917787
3.997548
4.008647
4.031766
4.041526
4.075828
4.080494
4.10597
4.119961
4.140752
4.182389
4.257906
4.30276
4.450813
4.484144
4.544001
4.605193
4.648231
4.673383
4.692798
4.701671
4.731524
4.80908
4.780067
4.795766
4.839443
4.889307
4.928942
4.945355
5.004842
5.10111
5.166401
5.182606
5.235829
5.254725
5.27395
5.350906
5.384562
5.461373
5.490609
5.529433
5.504179
5.525039
5.602719
5.561124
5.571242
5.607207
5.66151
5.707531
5.744652
5.821488
5.853727
5.834307
5.868436
5.878902
5.91338
5.92472
5.948313
5.916504
5.962783
5.921777
5.951375
5.969621
6.002115
6.077639
6.111674
6.178772
6.222266
6.245258
6.307464
6.32592
6.344733
6.370144
6.473832
6.523857
6.542992
6.567944
6.582559
6.590913
6.613575
6.7108
6.730537
6.784912
6.811249
6.876318
6.915763
6.93541
6.976111
7.014066
7.056255
7.102783
7.133759
7.114161
7.138503
7.092708
7.161171
7.190166
7.214918
7.244209
7.274705
7.290657
7.316855
7.335554
7.345982
7.368867
7.393656
7.41056
7.505217
7.532617
7.547226
7.585006
7.544993
7.571518
7.585763
7.616765
7.656868
7.729082
7.776217
7.820176
7.84119
7.878515
7.960501
8.022201
8.089289
8.110208
8.133041
8.097
8.134817
8.186755
8.206083
8.240488
8.25337
8.298192
8.346244
8.360477
8.400792
8.426613
8.389115
8.488437
8.451035
8.48958
8.53953
8.567327
8.616915
8.690208
8.701157
8.725437
8.746461
8.785449
8.905913
8.944828
8.978755
9.01648
9.043239
9.060429
9.080906
9.18247
9.208068
9.240341
9.33112
9.367619
9.382932
9.394916
9.427449
9.502641
9.540479
9.600496
9.614366
9.640197
9.654524
9.732693
9.742671
9.773746
9.797564
9.852634
9.858821
9.94075
9.95706
9.932114
9.9454
10.000673
10.029376
10.096567
10.066836
10.11027
10.154971
10.18098
10.21852
10.242409
10.309497
10.361803
10.388744
10.350279
10.414403
10.444602
10.459381
10.477119
10.50359
10.537187
10.561016
10.572457
10.592569
10.68562
10.700881
10.733718
10.784021
10.810747
10.835998
10.847021
10.877418
10.90811
10.954557
11.045944
10.983593
11.032266
11.081504
11.122534
11.167138
11.216157
11.303254
11.327263
11.358167
11.425964
11.448026
11.463701
11.475248
11.495
11.526958
11.537454
11.547997
11.559224
11.568563
11.58145
11.622535
11.666832
11.625703
11.680856
11.774435
11.813574
11.770866
11.820234
11.855629
11.894955
11.928579
12.05663
12.114462
12.141723
12.188797
12.317685
12.334321
12.398184
12.434827
12.465136
12.472671
12.466013
12.484778
12.529077
12.576829
12.586712
12.603688
12.623855
12.600663
12.615886
12.640754
12.66037
12.717122
12.729335
12.840371
12.886242
12.937371
12.927397
12.947815
12.979534
13.014205
13.073885
13.243395
13.279809
13.302261
13.329118
13.34618
13.37171
13.398593
13.519956
13.544299
13.558474
13.613984
13.650637
13.670715
13.727702
13.74972
13.830523
13.802278
13.830504
13.799825
13.835846
13.857543
13.919604
13.944691
13.989413
14.013857
14.046772
14.058841
14.087807
14.139175
14.214562
14.244096
14.279924
14.400561
14.419717
14.443339
14.411448
14.445232
14.452788
14.480896
14.493483
14.513457
14.611559
14.692516
14.713309
14.818502
14.840749
14.870376
14.894417
14.92541
14.932013
14.979161
14.995902
15.01471
15.05745
15.116891
15.133755
15.189866
15.204523
15.104707
15.129529
15.16261
15.188486
15.252224
15.34631
15.406491
15.483379
15.503613
15.543323
15.59364
15.717184
15.743278
15.747706
15.82593
15.899785
15.973351
15.937442
15.952582
16.038325
16.005285
16.0209
16.043248
16.079276
16.092225
16.134477
16.210455
16.165252
16.269116
16.301815
16.314049
16.380347
16.427329
16.450997
16.490031
16.5262
16.547864
16.593443
16.67822
16.635101
16.667144
16.715266
16.683872
16.695494
16.72263
16.746147
16.768588
16.83534
16.879535
16.902212
16.994635
16.966745
16.986406
17.026509
17.044047
17.122176
17.14334
17.180831
17.283603
17.329487
17.36752
17.437748
17.503615
17.558606
17.60766
17.634357
17.7686
17.758916
17.775551
17.84465
17.926935
17.958578
17.940217
18.062877
18.100118
18.11257
18.149806
18.128287
18.233921
18.271065
18.23196
18.355142
18.375318
18.409572
18.429291
18.54175
18.584997
18.599104
18.620784
18.65997
18.688529
18.7558
18.792111
18.879492
18.905105
18.916422
18.932977
18.947942
18.99912
19.04834
19.067751
19.040949
19.096244
19.14736
19.202857
19.229635
19.261034
19.306893
19.374521
19.413865
19.45294
19.500895
19.557632
19.583817
19.64735
19.674324
19.688355
19.718149
19.740645
19.787159
19.819979
19.840153
19.871076
19.892364
19.919755
19.879079
19.915704
19.935394
19.966625
20.004999
20.041359
20.06808
20.115939
20.156252
20.198144
20.287305
20.327799
20.351015
20.426027
20.478042
20.53305
20.554989
20.570356
20.599045
20.619083
20.671568
20.639981
20.674416
20.705882
20.72244
20.800809
20.843038
20.861979
20.892088
20.932761
20.978262
21.00789
21.047332
21.118106
21.186322
21.179613
21.252209
21.304358
21.336879
21.386482
21.408789
21.423216
21.459621
21.482013
21.475915
21.533131
21.584223
21.608411
21.630008
21.651864
21.682014
21.731095
21.786701
21.818501
21.846507
21.868601
21.900995
21.91758
21.967848
21.984141
22.096048
22.162798
22.196574
22.234819
22.316104
22.430464
22.463782
22.536696
22.566536
22.589034
22.610223
22.652394
22.681099
22.70689
22.614156
22.660748
22.697043
22.713049
22.750253
22.771535
22.868619
22.887485
22.904269
22.919251
22.973744
23.003773
23.036666
23.101969
23.14048
23.159666
23.206432
23.2574
23.297821
23.31808
23.367615
23.379182
23.418419
23.486709
23.500609
23.576741
23.640305
23.678455
23.710595
23.721463
23.756221
23.785716
23.801892
23.846836
23.867201
23.911394
23.924412
24.007291
24.027919
24.065446
24.13256
24.098895
24.183366
24.149915
24.225433
24.132482
24.098519
24.158834
24.198899
24.253242
24.275583
24.288214
24.314513
24.384863
24.404876
24.422734
24.451666
24.466874
24.435736
24.477417
24.502797
24.57612
24.698888
24.673054
24.69408
24.810192
24.825104
24.842981
24.873482
24.906983
24.920217
24.941252
24.954842
24.980622
25.033799
25.041854
25.097028
25.148888
25.119644
25.130631
25.194783
25.264932
25.286738
25.248875
25.265759
25.282431
25.301728
25.327025
25.368417
25.397845
25.460818
25.439791
25.412631
25.427726
25.440037
25.47017
25.505851
25.552208
25.614141
25.647807
25.664359
25.780329
25.81391
25.872982
25.935779
26.020864
26.04816
26.079263
26.107865
26.068162
26.097169
26.176333
26.196147
26.23233
26.30282
26.352689
26.390174
26.404844
26.472378
26.509839
26.527676
26.494618
26.508508
26.473318
26.53766
26.60167
26.645467
26.665992
26.639163
26.664993
26.677602
26.748801
26.803837
26.818528
26.892728
26.899193
26.868106
26.887428
26.905373
26.908011
26.931927
27.031982
26.998976
27.100299
27.116685
27.142389
27.099551
27.160773
27.174042
27.187081
27.198803
27.217347
27.241056
27.256523
27.243968
27.20435
27.279445
27.287642
27.301
27.333619
27.347032
27.360504
27.409858
27.438687
27.410059
27.417154
27.440812
27.523355
27.547412
27.58861
27.626261
27.656573
27.676625
27.698658
27.713028
27.682004
27.695217
27.753126
27.772673
27.791305
27.8085
27.821309
27.831277
27.852127
27.858939
27.891142
27.932099
27.975278
27.993703
28.051979
28.068728
28.086341
28.127928
28.163119
28.263527
28.308361
28.331579
28.344416
28.413506
28.440102
28.473311
28.553084
28.582877
28.638943
28.66686
28.656667
28.649792
28.729094
28.693802
28.739406
28.783567
28.828418
28.852817
28.879275
28.907913
28.92944
28.945147
29.054606
29.097578
29.154312
29.189441
29.221244
29.17897
29.215965
29.232348
29.247349
29.265628
29.29832
29.337701
29.357308
29.378684
29.410665
29.437455
29.47618
29.489132
29.533112
29.562875
29.66858
29.690827
29.746041
29.823108
29.847617
29.963453
30.00651
30.068066
30.114
30.21615
30.295078
30.364497
30.403647
30.428927
